# USB相机近似内参（640x480）
# 待正式标定后替换
image_width: 640
image_height: 480
camera_name: usb_cam
camera_matrix:
  rows: 3
  cols: 3
  data: [550.0, 0.0, 320.0, 0.0, 550.0, 240.0, 0.0, 0.0, 1.0]
distortion_model: plumb_bob
distortion_coefficients:
  rows: 1
  cols: 5
  data: [0.0, 0.0, 0.0, 0.0, 0.0]
rectification_matrix:
  rows: 3
  cols: 3
  data: [1.0, 0.0, 0.0, 0.0, 1.0, 0.0, 0.0, 0.0, 1.0]
projection_matrix:
  rows: 3
  cols: 4
  data: [550.0, 0.0, 320.0, 0.0, 0.0, 550.0, 240.0, 0.0, 0.0, 0.0, 1.0, 0.0]
